Al,Cu,Mg,Si,Zn,Zr,Mn,Ag,Li,Ca,Fe,Ti,Sn,Cr,Ge,Sc,Crack Susceptibility Level,Observations
0.872024232,0.0246,0.024,0.00249816,0.069,0.001706782,0.000777699,0.000150905,9.30E-05,0.000135799,0.003792647,0.000567174,0.000204682,0.0002,0.000139895,0.000109045,Medium,High Zn can contribute to segregation but strengthens alloy.
0.889151369,0.0186,0.0194,0.004802857,0.0605,0.001599697,0.001312851,0.000169502,0.000170396,0.000170815,0.003144385,0.000531264,0.000198792,0,0.000127056,0.000121015,Medium,High Zn can contribute to segregation but strengthens alloy.
0.863341326,0.0293,0.0271,0.003927976,0.069,0.001274999,0.001809419,8.76E-05,0.000199586,0.000164024,0.00223811,0.000123078,0.000462502,0.0007,9.32E-05,0.000178182,Low,"High Zn can contribute to segregation but strengthens alloy. Mg helps refine grains, reducing cracking tendency. Cr enhances grain boundary strength and reduces cracking."
0.877796337,0.0294,0.0266,0.003394634,0.0537,0.00192528,0.001598337,0.000143731,5.45E-05,7.31E-05,0.00425518,0.000407123,0.000199818,0.0003,5.10E-05,0.000101001,Medium,"Mg helps refine grains, reducing cracking tendency."
0.890137759,0.0128,0.027,0.001624075,0.0609,0.000640807,0.001709842,0.000135762,0.000184605,7.24E-05,0.003738925,0.000442176,0.00020878,0.0001,0.000124436,0.000180447,Medium,"High Zn can contribute to segregation but strengthens alloy. Mg helps refine grains, reducing cracking tendency."
0.897624321,0.0166,0.016,0.001623978,0.0625,0.000485749,0.001488175,0.000174925,0.000143395,9.02E-05,0.001650468,0.000458941,0.000403759,0.0006,9.28E-05,6.32E-05,Medium,High Zn can contribute to segregation but strengthens alloy. Cr enhances grain boundary strength and reduces cracking.
0.903318963,0.0105,0.0166,0.001232334,0.0586,0.001751735,0.001538415,0.000185913,0.000196007,0.000104161,0.004643709,0.000622155,0.000279896,0.0001,0.000160191,0.00016652,Medium,Balanced composition with moderate crack susceptibility.
0.869520304,0.0227,0.0281,0.004464705,0.0662,0.001046555,0.001773793,5.18E-05,0.000119751,0.000111268,0.004290149,0.000580242,0.000410684,0.0004,5.36E-05,0.000177132,Medium,"High Zn can contribute to segregation but strengthens alloy. Mg helps refine grains, reducing cracking tendency."
0.890613568,0.0183,0.0183,0.00340446,0.0602,0.001739847,0.000874502,0.000151103,0.000177108,0.000151955,0.0047992,0.000647115,0.000126146,0.0003,0.000137724,7.73E-05,Medium,High Zn can contribute to segregation but strengthens alloy.
0.891447608,0.0222,0.0225,0.00383229,0.0507,0.001818253,0.001234137,5.78E-05,5.94E-05,5.85E-05,0.003902878,0.000788395,0.000295028,0.0008,0.000191221,0.000114552,Medium,Cr enhances grain boundary strength and reduces cracking.
0.884342069,0.0227,0.023,0.001082338,0.0626,0.000406178,0.000831814,0.000132329,0.000100292,5.52E-05,0.003453661,0.000831687,0.000113445,0.0002,7.62E-05,7.48E-05,Medium,High Zn can contribute to segregation but strengthens alloy.
0.883553902,0.0287,0.0171,0.004879639,0.0577,0.00180189,0.001981502,9.31E-05,6.01E-05,0.000108787,0.002672972,0.000746311,0.000125061,0.0002,0.000120747,0.000155991,Medium,Balanced composition with moderate crack susceptibility.
0.88619763,0.0168,0.0202,0.004329771,0.0627,0.001062142,0.001916089,9.60E-05,0.000196301,0.000154575,0.004730914,0.000959971,0.000462575,0,6.37E-05,0.000130302,Medium,High Zn can contribute to segregation but strengthens alloy.
0.890843749,0.021,0.0254,0.001849356,0.0532,0.001167735,0.00055914,0.000102944,0.000172546,7.90E-05,0.004464256,0.000116409,0.000155698,0.0006,0.000143852,0.000145299,Low,"Mg helps refine grains, reducing cracking tendency. Cr enhances grain boundary strength and reduces cracking."
0.887599733,0.0295,0.0209,0.0017273,0.0549,0.001365207,0.001558363,0.000143194,0.000177882,0.000146226,0.001180875,0.0002762,0.000312968,0,0.00013258,7.95E-05,Medium,Balanced composition with moderate crack susceptibility.
0.874154303,0.0283,0.0206,0.001733618,0.0691,0.00187485,0.001887872,0.000100107,0.000190695,8.90E-05,0.001105468,0.000106807,0.000264438,0.0003,0.000111105,8.18E-05,Medium,High Zn can contribute to segregation but strengthens alloy.
0.890562138,0.0214,0.0165,0.002216969,0.0639,0.000332497,0.000770863,0.000159905,6.28E-05,0.000182913,0.002505853,0.000682727,0.000238937,0.0003,0.000128207,5.62E-05,Medium,High Zn can contribute to segregation but strengthens alloy.
0.87714238,0.0202,0.0225,0.003099026,0.0683,0.001110634,0.001351918,0.000110679,0.00010784,0.000184353,0.004242213,0.000908227,0.000459933,0,0.000184486,9.83E-05,Medium,High Zn can contribute to segregation but strengthens alloy.
0.899623985,0.0106,0.0156,0.00272778,0.0618,0.001469127,0.001873232,6.03E-05,6.07E-05,9.46E-05,0.004949105,0.000319134,0.000108729,0.0005,7.94E-05,0.000133962,Medium,High Zn can contribute to segregation but strengthens alloy.
0.882488291,0.0203,0.0198,0.002164917,0.0695,0.001528602,0.000550919,0.000167564,8.16E-05,8.45E-05,0.001601668,0.000934331,0.000365516,0.0002,5.34E-05,0.00017869,Medium,High Zn can contribute to segregation but strengthens alloy.
0.882094779,0.0232,0.0192,0.003447412,0.0643,0.001477305,0.00154613,9.29E-05,8.44E-05,0.000111696,0.003376523,0.000154241,0.000485358,0.0001,0.00017925,0.000150039,Medium,High Zn can contribute to segregation but strengthens alloy.
0.8919056,0.0195,0.0165,0.001557975,0.0641,0.00052854,0.000946024,0.000114915,0.000120366,8.61E-05,0.002523563,0.000940992,0.000324067,0.0006,0.000136568,0.000115309,Medium,High Zn can contribute to segregation but strengthens alloy. Cr enhances grain boundary strength and reduces cracking.
0.898894482,0.0114,0.0246,0.002168579,0.0533,0.000808973,0.001886594,0.000152817,9.03E-05,0.000150858,0.004879658,0.00041646,0.000474729,0.0004,0.000183599,0.000192968,Medium,Balanced composition with moderate crack susceptibility.
0.909951138,0.012,0.0153,0.002465447,0.0514,0.000909816,0.001956587,9.99E-05,6.51E-05,0.00017391,0.004368476,0.000191279,0.000120903,0.0007,0.000139542,0.000157887,Medium,Cr enhances grain boundary strength and reduces cracking.
0.887988036,0.0156,0.0177,0.00282428,0.0661,0.001667543,0.0019164,5.85E-05,7.51E-05,0.000150964,0.004353315,0.000537285,0.000267517,0.0004,0.000171524,0.000189525,Medium,High Zn can contribute to segregation but strengthens alloy.
0.873668727,0.0201,0.0274,0.004140704,0.0681,0.000773892,0.001211321,0.000106088,7.21E-05,0.000173653,0.002874773,0.000331099,0.000204063,0.0006,0.000114451,0.000129138,Low,"High Zn can contribute to segregation but strengthens alloy. Mg helps refine grains, reducing cracking tendency. Cr enhances grain boundary strength and reduces cracking."
0.885093558,0.0235,0.0263,0.001798695,0.0566,0.000658198,0.001793064,0.000191667,0.000195962,0.000109549,0.002659278,0.000356386,0.000392328,0.0001,0.000162479,8.88E-05,Medium,"Mg helps refine grains, reducing cracking tendency."
0.899557387,0.0117,0.0255,0.003056938,0.052,0.001927662,0.001766824,0.00014626,0.000163894,7.34E-05,0.002093628,0.000376561,0.000492519,0.0009,0.000186956,5.79E-05,Low,"Mg helps refine grains, reducing cracking tendency. Cr enhances grain boundary strength and reduces cracking."
0.891084476,0.0255,0.0234,0.003369658,0.0517,0.000315068,0.000978651,0.000150722,0.000195164,0.000160693,0.001225502,0.000822723,0.000202612,0.0006,0.000135818,0.000158913,Medium,Cr enhances grain boundary strength and reduces cracking.
0.887358537,0.0157,0.028,0.001185802,0.0575,0.001996295,0.001743373,0.000144842,0.000115961,0.000104071,0.00445889,0.000585245,0.00036167,0.0006,7.71E-05,6.82E-05,Low,"Mg helps refine grains, reducing cracking tendency. Cr enhances grain boundary strength and reduces cracking."
0.881644662,0.0191,0.0244,0.003430179,0.0639,0.001450596,0.000555511,7.98E-05,9.18E-05,0.000150691,0.004251604,0.000380177,0.000179239,0.0002,9.03E-05,9.54E-05,Medium,High Zn can contribute to segregation but strengthens alloy.
0.87705804,0.0295,0.0298,0.001682096,0.0516,0.001708398,0.001394405,0.00011275,0.000169744,9.06E-05,0.004998871,0.0006493,0.000326132,0.0007,7.98E-05,0.000129871,Low,"Mg helps refine grains, reducing cracking tendency. Cr enhances grain boundary strength and reduces cracking."
0.896431817,0.0109,0.0154,0.001260206,0.0673,0.000800853,0.000845013,0.000162641,9.89E-05,6.22E-05,0.004986547,0.000744536,0.000285573,0.0005,8.70E-05,0.000134662,Medium,High Zn can contribute to segregation but strengthens alloy.
0.86534833,0.0263,0.03,0.004795542,0.0673,0.000324336,0.00068085,6.52E-05,9.49E-05,0.000198887,0.003221727,0.000345362,0.000488802,0.0006,9.60E-05,0.000140087,Low,"High Zn can contribute to segregation but strengthens alloy. Mg helps refine grains, reducing cracking tendency. Cr enhances grain boundary strength and reduces cracking."
0.893017917,0.0123,0.0251,0.004862528,0.0572,0.001554378,0.00061543,9.17E-05,8.49E-05,7.34E-05,0.00407595,0.000472194,0.000343411,0,0.00013327,7.49E-05,Medium,"Mg helps refine grains, reducing cracking tendency."
0.903871046,0.0127,0.0152,0.004233589,0.0543,0.001718046,0.001544433,9.14E-05,6.95E-05,0.000198263,0.004779063,0.000209697,0.000239803,0.0006,0.000138199,0.000106961,Medium,Cr enhances grain boundary strength and reduces cracking.
0.882349242,0.0198,0.0189,0.002218455,0.0685,0.001558809,0.001009812,0.000114803,8.85E-05,0.000196592,0.00439859,0.000263034,0.000145638,0.0002,0.000113975,0.000142579,Medium,High Zn can contribute to segregation but strengthens alloy.
0.885409207,0.0279,0.0221,0.001390688,0.0569,0.000542845,0.00158715,0.000197055,0.000103298,0.000169073,0.001989392,0.000713006,0.000160499,0.0005,0.000142313,0.000195473,Medium,Balanced composition with moderate crack susceptibility.
0.888447089,0.0108,0.027,0.003736932,0.0638,0.001580827,0.000598035,6.01E-05,0.000151099,0.000148913,0.002802177,0.000263295,0.000190127,0.0002,6.22E-05,0.000159145,Medium,"High Zn can contribute to segregation but strengthens alloy. Mg helps refine grains, reducing cracking tendency."
0.888694195,0.0193,0.0262,0.00276061,0.0574,0.001607169,0.000972936,0.000127805,5.94E-05,0.000136671,0.001516638,0.000572647,0.000200387,0.0002,6.32E-05,0.000188391,Medium,"Mg helps refine grains, reducing cracking tendency."
0.898009997,0.0142,0.0199,0.001488153,0.0564,0.001419519,0.001309237,7.69E-05,8.16E-05,0.000179915,0.004816204,0.000738142,0.000440246,0.0007,7.58E-05,0.000164332,Medium,Cr enhances grain boundary strength and reduces cracking.
0.884958594,0.0229,0.0236,0.002980708,0.0573,0.001602397,0.001686085,0.000195601,0.000171354,9.34E-05,0.003424699,0.000196189,0.000324489,0.0003,0.000127712,0.000138758,Medium,Balanced composition with moderate crack susceptibility.
0.883891653,0.0182,0.0297,0.001137554,0.0605,0.001738066,0.000978129,6.70E-05,7.20E-05,0.000120152,0.001914571,0.000610581,0.000309356,0.0006,8.21E-05,7.88E-05,Low,"High Zn can contribute to segregation but strengthens alloy. Mg helps refine grains, reducing cracking tendency. Cr enhances grain boundary strength and reduces cracking."
0.896119797,0.0165,0.0214,0.004637282,0.0537,0.001343127,0.001438837,0.00011054,0.000101397,0.000142908,0.003686803,0.000330907,0.000145908,0.0001,9.25E-05,0.000150003,Medium,Balanced composition with moderate crack susceptibility.
0.875796468,0.0164,0.0271,0.00203512,0.0698,0.000450628,0.001828967,0.000160683,0.000179699,0.000111679,0.003472513,0.000966634,0.000444056,0.001,0.000110047,0.000143507,Low,"High Zn can contribute to segregation but strengthens alloy. Mg helps refine grains, reducing cracking tendency. Cr enhances grain boundary strength and reduces cracking."
0.898284986,0.0113,0.0261,0.003650089,0.0536,0.001128967,0.001423795,0.000155683,7.32E-05,0.000114123,0.002432651,0.000535191,0.000389126,0.0005,0.00017178,0.00014037,Medium,"Mg helps refine grains, reducing cracking tendency."
0.887214112,0.0188,0.0207,0.002246844,0.0663,0.000432004,0.000849439,0.000113409,6.24E-05,9.95E-05,0.00145423,0.000825393,0.000127067,0.0006,5.21E-05,0.000123468,Medium,High Zn can contribute to segregation but strengthens alloy. Cr enhances grain boundary strength and reduces cracking.
0.893089673,0.0128,0.0269,0.003080272,0.0567,0.000992823,0.000536601,0.000101979,0.000122681,0.000134635,0.003686293,0.000595204,0.000383134,0.0006,0.000147407,0.000129298,Low,"Mg helps refine grains, reducing cracking tendency. Cr enhances grain boundary strength and reduces cracking."
0.883045123,0.0122,0.0277,0.003186841,0.0664,0.000992081,0.001805148,0.000109642,9.54E-05,0.000177586,0.003081231,0.000139071,0.000317415,0.0005,0.000150331,0.000100166,Medium,"High Zn can contribute to segregation but strengthens alloy. Mg helps refine grains, reducing cracking tendency."
0.880322584,0.0217,0.021,0.001739418,0.0682,0.000412217,0.000531904,8.96E-05,0.000134511,8.02E-05,0.004089274,0.000669836,0.00013269,0.0006,0.000169798,0.000127897,Medium,High Zn can contribute to segregation but strengthens alloy. Cr enhances grain boundary strength and reduces cracking.
0.887785295,0.0215,0.0241,0.004878339,0.0531,0.000892995,0.001812053,8.08E-05,0.000170571,0.000190165,0.003080654,0.000956263,0.00028332,0.0009,0.000189913,7.96E-05,Medium,Cr enhances grain boundary strength and reduces cracking.
0.898603123,0.0111,0.02,0.004100531,0.058,0.000488697,0.001293406,0.000122456,7.06E-05,0.000153363,0.004408726,0.000641451,0.000293879,0.0005,5.30E-05,0.000170776,Medium,Balanced composition with moderate crack susceptibility.
0.891696386,0.02,0.0213,0.004757996,0.0535,0.001674,0.001908602,9.03E-05,0.000137105,0.000173491,0.003207627,0.00083727,0.00016631,0.0004,7.31E-05,7.79E-05,Medium,Balanced composition with moderate crack susceptibility.
0.886695584,0.0113,0.0262,0.004579309,0.0619,0.00191107,0.001698175,9.31E-05,0.000125826,0.000133429,0.003243752,0.000895786,0.000478279,0.0005,0.000182926,6.27E-05,Medium,"High Zn can contribute to segregation but strengthens alloy. Mg helps refine grains, reducing cracking tendency."
0.895615417,0.0131,0.0177,0.0033916,0.0612,0.000422938,0.001996901,0.000148513,7.16E-05,0.000166928,0.004506614,0.000305272,0.00043999,0.0007,0.000118778,0.000115437,Medium,High Zn can contribute to segregation but strengthens alloy. Cr enhances grain boundary strength and reduces cracking.
0.897615614,0.0104,0.0166,0.004687497,0.0634,0.001923696,0.001026068,0.000195281,0.0001436,5.24E-05,0.002613931,0.00029084,0.000367609,0.0004,0.000134689,0.000148746,Medium,High Zn can contribute to segregation but strengthens alloy.
0.897766545,0.0103,0.0163,0.00135397,0.0679,0.00118838,0.001650782,0.000140546,9.10E-05,0.000172757,0.001536061,0.000649883,0.000284918,0.0004,0.000149454,0.000115658,Medium,High Zn can contribute to segregation but strengthens alloy.
0.893270032,0.021,0.0215,0.001783931,0.0582,0.000809262,0.001102896,6.15E-05,0.000123175,5.60E-05,0.001115131,0.000469926,0.000264706,0,0.00015186,9.15E-05,Medium,Balanced composition with moderate crack susceptibility.
0.895201146,0.0128,0.0275,0.001180909,0.0552,0.000430666,0.001219813,6.13E-05,6.23E-05,0.000183487,0.004020549,0.000855875,0.000360389,0.0006,0.000189761,0.000133726,Low,"Mg helps refine grains, reducing cracking tendency. Cr enhances grain boundary strength and reduces cracking."
0.898184889,0.0127,0.0285,0.002301321,0.0502,0.001151061,0.001441258,0.000192713,0.000118938,0.000198794,0.003481238,0.000910021,0.000318173,0,0.000199542,0.00010205,Medium,"Mg helps refine grains, reducing cracking tendency."
0.890992164,0.0149,0.0208,0.002554709,0.0621,0.001650676,0.001810516,9.46E-05,9.60E-05,9.41E-05,0.003816319,0.000418079,0.000124909,0.0002,0.000158024,0.00018993,Medium,High Zn can contribute to segregation but strengthens alloy.
0.895666195,0.0199,0.024,0.002085396,0.051,0.001502047,0.001976125,6.38E-05,0.000173357,8.15E-05,0.001851857,0.000313184,0.000305001,0.0008,9.31E-05,0.000188397,Medium,Cr enhances grain boundary strength and reduces cracking.
0.894106209,0.0172,0.0164,0.00431495,0.0618,0.000385384,0.00165241,0.000139857,5.85E-05,0.000164805,0.001545486,0.000802473,0.000422561,0.0007,0.000181963,0.000125356,Medium,High Zn can contribute to segregation but strengthens alloy. Cr enhances grain boundary strength and reduces cracking.
0.889532345,0.0144,0.0298,0.002427013,0.0598,0.000423933,0.00112665,0.000143547,0.000112791,8.80E-05,0.001058179,0.000347325,0.000283696,0.0003,5.74E-05,9.92E-05,Medium,"Mg helps refine grains, reducing cracking tendency."
0.876604749,0.0272,0.0277,0.002123738,0.0595,0.000984885,0.001132036,0.000147276,0.000118765,0.000179834,0.00240235,0.000840353,0.000120783,0.0007,8.47E-05,0.00016057,Low,"Mg helps refine grains, reducing cracking tendency. Cr enhances grain boundary strength and reduces cracking."
0.8822109,0.0164,0.0244,0.003170784,0.0658,0.000801994,0.001606373,9.01E-05,0.000158751,6.54E-05,0.003359671,0.000481364,0.000414511,0.0008,0.000184608,5.55E-05,Medium,High Zn can contribute to segregation but strengthens alloy. Cr enhances grain boundary strength and reduces cracking.
0.89066582,0.0196,0.0244,0.001563697,0.058,0.000695053,0.000858166,5.23E-05,0.000136143,6.89E-05,0.002568976,0.000700795,0.000180546,0.0003,8.84E-05,0.000121215,Medium,Balanced composition with moderate crack susceptibility.
0.88838321,0.0298,0.0214,0.004208788,0.0504,0.000777708,0.000665711,0.000194752,0.000150082,0.000196873,0.0027499,0.000185982,0.000203448,0.0005,8.31E-05,0.000100449,Medium,Balanced composition with moderate crack susceptibility.
0.880695886,0.0289,0.0247,0.001298203,0.0546,0.001665921,0.001031933,8.76E-05,0.000166557,0.000151076,0.004616635,0.000661473,0.000165883,0.001,7.07E-05,0.00018808,Medium,Cr enhances grain boundary strength and reduces cracking.
0.889671773,0.0179,0.0264,0.004947548,0.0535,0.001879688,0.000930858,0.000151404,0.00017933,0.000177033,0.002393022,0.000506591,0.000232086,0.0009,0.000178867,5.18E-05,Low,"Mg helps refine grains, reducing cracking tendency. Cr enhances grain boundary strength and reduces cracking."
0.865681622,0.0272,0.0271,0.004088979,0.0691,0.000988675,0.000944462,0.000155994,9.71E-05,9.86E-05,0.003055958,0.000627948,0.000402701,0.0002,0.000125009,0.000132922,Medium,"High Zn can contribute to segregation but strengthens alloy. Mg helps refine grains, reducing cracking tendency."
0.885784747,0.0196,0.0239,0.001794863,0.0599,0.001840389,0.000850412,0.000141501,0.000130703,0.000151473,0.004134612,0.000251213,0.000307754,0.0009,0.000151234,0.0001611,Medium,Cr enhances grain boundary strength and reduces cracking.
0.880316218,0.0224,0.0263,0.001022088,0.0636,0.000846543,0.00056314,9.69E-05,0.000176016,0.000139136,0.002586171,0.000763186,0.000181953,0.0008,8.59E-05,0.000122753,Low,"High Zn can contribute to segregation but strengthens alloy. Mg helps refine grains, reducing cracking tendency. Cr enhances grain boundary strength and reduces cracking."
0.880629333,0.0223,0.0297,0.004261846,0.0557,0.001109943,0.000526811,9.07E-05,0.000198418,0.000140473,0.003488347,0.000876517,0.000451132,0.0003,0.000163706,6.28E-05,Medium,"Mg helps refine grains, reducing cracking tendency."
0.877975056,0.0238,0.016,0.003827429,0.0687,0.000684249,0.001981584,0.00013965,0.000183428,0.00015238,0.004449455,0.000295066,0.000451833,0.001,0.000164001,0.000195869,Medium,High Zn can contribute to segregation but strengthens alloy. Cr enhances grain boundary strength and reduces cracking.
0.905874516,0.0104,0.0199,0.003916029,0.0505,0.001388809,0.00114166,0.000179914,0.00010572,0.000136304,0.004798082,0.000186143,0.000448231,0.0008,9.69E-05,0.000127702,Medium,Cr enhances grain boundary strength and reduces cracking.
0.884129699,0.0231,0.0191,0.004085081,0.0636,0.001964268,0.00107649,0.00019201,7.93E-05,0.000114359,0.001588294,0.000121275,0.000195518,0.0004,0.000111602,0.000142128,Medium,High Zn can contribute to segregation but strengthens alloy.
0.895046163,0.023,0.0205,0.001296179,0.0506,0.001325938,0.001519471,6.59E-05,0.000123409,9.14E-05,0.004706351,0.000677774,0.000280496,0.0006,8.15E-05,8.55E-05,Medium,Cr enhances grain boundary strength and reduces cracking.
0.87980286,0.0259,0.0222,0.002433863,0.0623,0.000908284,0.000827381,7.32E-05,0.000161246,0.000165287,0.002968465,0.000646385,0.000493996,0.0008,0.000196484,0.000122525,Medium,High Zn can contribute to segregation but strengthens alloy. Cr enhances grain boundary strength and reduces cracking.
0.899115733,0.0178,0.0222,0.001463476,0.0514,0.00140129,0.001924942,0.00019171,0.000123885,8.39E-05,0.002032978,0.000592028,0.000408805,0.001,0.00014684,0.000114372,Medium,Cr enhances grain boundary strength and reduces cracking.
0.888414715,0.0212,0.0151,0.004452414,0.064,0.000508965,0.001679518,0.00016048,0.000122477,0.000153853,0.002836543,0.000308752,0.000110867,0.0007,0.000190182,6.12E-05,Medium,High Zn can contribute to segregation but strengthens alloy. Cr enhances grain boundary strength and reduces cracking.
0.886759328,0.0227,0.0256,0.003493193,0.0521,0.00181072,0.000634117,0.000182449,0.000175735,8.50E-05,0.00492013,0.000451815,0.000126082,0.0008,9.55E-05,6.59E-05,Low,"Mg helps refine grains, reducing cracking tendency. Cr enhances grain boundary strength and reduces cracking."
0.880532411,0.019,0.0247,0.002323592,0.0663,0.001155243,0.001126371,8.04E-05,0.000104211,0.0001438,0.002970472,0.000635029,0.000285573,0.0003,0.000167284,0.000175621,Medium,High Zn can contribute to segregation but strengthens alloy.
0.884407389,0.0211,0.0258,0.001254233,0.06,0.001063895,0.001818677,0.000138138,0.000178969,0.000162062,0.002315006,0.00054709,0.000463688,0.0005,0.000164879,8.60E-05,Medium,"Mg helps refine grains, reducing cracking tendency."
0.892722921,0.0169,0.0206,0.002243929,0.0585,0.00129597,0.001917098,0.000155171,0.000111021,8.28E-05,0.003533603,0.000989007,0.000315481,0.0004,0.000153748,7.92E-05,Medium,Balanced composition with moderate crack susceptibility.
0.890322703,0.0225,0.0245,0.002300733,0.0542,0.001362133,0.001201102,0.000152017,9.92E-05,5.90E-05,0.001960582,0.000222796,0.000299125,0.0005,0.000194846,0.000125737,Medium,Balanced composition with moderate crack susceptibility.
0.889594854,0.0172,0.0239,0.003918425,0.0603,0.000422019,0.001420117,0.000111223,0.000118098,6.96E-05,0.001303453,0.00072563,0.000142189,0.0005,0.000109033,0.000165312,Medium,High Zn can contribute to segregation but strengthens alloy.
0.886410177,0.0167,0.0274,0.00355023,0.0604,0.001460449,0.000750551,5.23E-05,0.000164367,0.0001409,0.001515519,0.000463887,0.000362712,0.0005,6.96E-05,5.93E-05,Medium,"High Zn can contribute to segregation but strengthens alloy. Mg helps refine grains, reducing cracking tendency."
0.890955674,0.0141,0.0167,0.004548851,0.0674,0.000711284,0.001986753,0.000137439,6.89E-05,0.000177417,0.001512183,0.00048538,0.000428841,0.0005,0.000150756,0.000136521,Medium,High Zn can contribute to segregation but strengthens alloy.
0.882292841,0.0101,0.0293,0.00288886,0.0693,0.001513719,0.000847508,8.80E-05,7.95E-05,5.67E-05,0.001607611,0.000745838,0.000252168,0.0007,0.000159396,6.79E-05,Low,"High Zn can contribute to segregation but strengthens alloy. Mg helps refine grains, reducing cracking tendency. Cr enhances grain boundary strength and reduces cracking."
0.893858364,0.0235,0.0217,0.001478377,0.0519,0.001698309,0.001914098,0.000117538,0.000192717,0.000160123,0.001555309,0.000723193,0.000410245,0.0006,0.000136259,5.55E-05,Medium,Cr enhances grain boundary strength and reduces cracking.
0.883954308,0.0143,0.0249,0.003852979,0.0635,0.001666729,0.00147447,0.000193637,7.63E-05,0.000101198,0.003563499,0.00099213,0.000485791,0.0008,8.10E-05,5.79E-05,Medium,High Zn can contribute to segregation but strengthens alloy. Cr enhances grain boundary strength and reduces cracking.
0.890513835,0.0165,0.025,0.00404314,0.0581,0.001239252,0.001411605,0.000109855,0.000135159,0.000121779,0.00172752,0.000215555,0.000181507,0.0004,0.000125668,0.000175125,Medium,Balanced composition with moderate crack susceptibility.
0.895849149,0.0148,0.0206,0.003245109,0.059,0.001184289,0.001269033,0.00017597,0.000136897,0.000189329,0.002382669,0.000193699,0.000309332,0.0005,9.68E-05,6.77E-05,Medium,Balanced composition with moderate crack susceptibility.
0.885000911,0.0216,0.023,0.004083869,0.058,0.000542889,0.000846005,7.83E-05,0.000123444,9.98E-05,0.004587154,0.000751905,0.000214855,0.0009,0.00011412,5.68E-05,Medium,Cr enhances grain boundary strength and reduces cracking.
0.887528551,0.017,0.0165,0.002975182,0.0687,0.001618088,0.000764792,0.000150869,0.000146712,0.000119801,0.002895847,0.000620548,0.000417142,0.0003,0.000146783,0.000115685,Medium,High Zn can contribute to segregation but strengthens alloy.
0.889597472,0.0136,0.0229,0.003090931,0.0636,0.000761396,0.000830729,0.000196551,8.45E-05,5.21E-05,0.003670231,0.000346745,0.000331037,0.0006,0.000161782,0.000176599,Medium,High Zn can contribute to segregation but strengthens alloy. Cr enhances grain boundary strength and reduces cracking.
0.891816588,0.0146,0.0182,0.002710164,0.0677,0.001144382,0.000779657,6.53E-05,0.000132899,6.22E-05,0.001689279,0.000171477,0.000353833,0.0004,8.48E-05,8.94E-05,Medium,High Zn can contribute to segregation but strengthens alloy.
0.895010348,0.0217,0.0175,0.001101677,0.059,0.000783266,0.001669377,5.12E-05,0.000105826,8.88E-05,0.001769156,0.000177092,0.000419166,0.0004,0.000110799,0.000113257,Medium,Balanced composition with moderate crack susceptibility.
0.896424276,0.0239,0.0211,0.001431566,0.0527,0.000527508,0.001025188,0.000115037,0.00014925,5.42E-05,0.001163474,0.000904772,0.000258388,0.0001,9.04E-05,5.60E-05,Medium,Balanced composition with moderate crack susceptibility.
0.902425874,0.0145,0.0203,0.001125717,0.0565,0.001370248,0.000586764,6.39E-05,7.12E-05,0.000144706,0.00167574,0.000272681,0.000466036,0.0003,7.98E-05,0.000117362,Medium,Balanced composition with moderate crack susceptibility.
0.879673734,0.0212,0.026,0.003545642,0.0632,0.000392364,0.001953654,0.000162258,0.000135632,0.00011396,0.002114361,0.000391034,0.000313212,0.0005,0.000167508,0.000136642,Medium,"High Zn can contribute to segregation but strengthens alloy. Mg helps refine grains, reducing cracking tendency."
0.877749767,0.0285,0.0185,0.002257424,0.0659,0.001572697,0.001825679,0.000187182,7.78E-05,0.000132222,0.001708042,0.000303991,0.000163182,0.0008,0.000186388,0.000135636,Medium,High Zn can contribute to segregation but strengthens alloy. Cr enhances grain boundary strength and reduces cracking.
0.896693029,0.0107,0.0195,0.003034283,0.0642,0.000839898,0.001891628,0.000115103,9.18E-05,7.62E-05,0.00135481,0.000419497,0.00037836,0.0005,0.000105535,9.99E-05,Medium,High Zn can contribute to segregation but strengthens alloy.
0.879888789,0.0142,0.029,0.004630266,0.067,0.000300229,0.001992362,8.88E-05,8.28E-05,9.44E-05,0.001482543,0.000162481,0.000417305,0.0004,0.000162692,9.73E-05,Medium,"High Zn can contribute to segregation but strengthens alloy. Mg helps refine grains, reducing cracking tendency."
0.872143392,0.0228,0.0273,0.001997169,0.0695,0.00116892,0.000760843,0.00011516,7.74E-05,0.000149574,0.002843115,0.000567154,0.000226705,0.0001,0.000184549,6.60E-05,Medium,"High Zn can contribute to segregation but strengthens alloy. Mg helps refine grains, reducing cracking tendency."
0.886746292,0.0293,0.0232,0.002641532,0.0527,0.000379648,0.001094363,0.000158517,0.000173857,0.000194795,0.001825335,0.000160851,0.000442872,0.0007,0.000176919,0.00010502,Medium,Cr enhances grain boundary strength and reduces cracking.
0.889086969,0.0112,0.0299,0.004022205,0.0592,0.000769488,0.001637358,5.14E-05,9.29E-05,5.76E-05,0.002457079,0.000820321,0.000462457,0.0001,7.74E-05,6.49E-05,Medium,"Mg helps refine grains, reducing cracking tendency."
0.887134667,0.0161,0.0244,0.001915193,0.0623,0.00150186,0.001544031,0.000138418,0.000189069,0.000183558,0.003013669,0.000310341,0.000210762,0.0007,0.000193444,0.000164989,Medium,High Zn can contribute to segregation but strengthens alloy. Cr enhances grain boundary strength and reduces cracking.
0.902538208,0.0104,0.0189,0.00130792,0.0596,0.000406572,0.000730844,0.000141994,0.000195489,0.000136532,0.003761579,0.000586011,0.000493409,0.0005,0.000106501,0.000194941,Medium,Balanced composition with moderate crack susceptibility.
0.889272437,0.012,0.0223,0.002159006,0.0669,0.001726875,0.00172375,0.000145653,0.000135689,0.000134588,0.001157249,0.000892071,0.000156285,0.001,0.000100886,0.000195511,Medium,High Zn can contribute to segregation but strengthens alloy. Cr enhances grain boundary strength and reduces cracking.
0.889625802,0.0151,0.0276,0.001644885,0.0588,0.000306494,0.000836661,8.63E-05,7.15E-05,0.000125042,0.004197642,0.00068579,0.000180806,0.0005,5.94E-05,0.000179761,Medium,"Mg helps refine grains, reducing cracking tendency."
0.897374185,0.0108,0.0163,0.004718791,0.0636,0.000719601,0.000835726,0.000157108,0.000106182,6.04E-05,0.003511602,0.000579662,0.00017369,0.0008,0.000122926,0.000140119,Medium,High Zn can contribute to segregation but strengthens alloy. Cr enhances grain boundary strength and reduces cracking.
0.888407656,0.0232,0.0265,0.004232482,0.052,0.001559537,0.001305462,6.37E-05,0.00016966,6.35E-05,0.001327036,0.0003919,0.000457596,0.0001,6.64E-05,0.00015513,Medium,"Mg helps refine grains, reducing cracking tendency."
0.887278385,0.0108,0.0295,0.003533615,0.0606,0.000837659,0.00138941,7.99E-05,0.000105109,0.000140137,0.004494314,0.000399702,0.000361717,0.0003,8.73E-05,9.28E-05,Medium,"High Zn can contribute to segregation but strengthens alloy. Mg helps refine grains, reducing cracking tendency."
0.885135968,0.0188,0.0242,0.004485842,0.0586,0.000473217,0.001370129,0.000181621,6.31E-05,0.000101144,0.00468349,0.000702538,0.000160842,0.0008,9.75E-05,0.000144616,Medium,Cr enhances grain boundary strength and reduces cracking.
0.878348929,0.0268,0.0259,0.004214688,0.0592,0.000912398,0.00063723,0.000160808,0.000133518,0.00018759,0.001244312,0.000994725,0.000276129,0.0007,0.000171324,0.000118347,Low,"Mg helps refine grains, reducing cracking tendency. Cr enhances grain boundary strength and reduces cracking."
0.87678513,0.0247,0.0231,0.00174628,0.0668,0.000759669,0.001816191,5.21E-05,0.000176768,0.000110989,0.002107511,0.000695655,0.000346119,0.0005,0.000181323,0.000122303,Medium,High Zn can contribute to segregation but strengthens alloy.
0.884451384,0.012,0.021,0.004570236,0.0698,0.00173261,0.0008984,8.73E-05,0.000169389,7.15E-05,0.004224805,0.000602005,0.000133386,0,9.54E-05,0.000163666,Medium,High Zn can contribute to segregation but strengthens alloy.
0.885225347,0.0292,0.0205,0.003157369,0.054,0.000832691,0.000694272,8.22E-05,7.63E-05,0.000157208,0.003993039,0.000757585,0.000452967,0.0006,0.000178805,9.23E-05,Medium,Cr enhances grain boundary strength and reduces cracking.
0.895605892,0.0224,0.0203,0.004229761,0.0501,0.001641185,0.001833122,9.06E-05,0.000150915,9.40E-05,0.001738084,0.000518685,0.000421441,0.0006,0.000178585,9.77E-05,Medium,Cr enhances grain boundary strength and reduces cracking.
0.885619943,0.02,0.0162,0.004584365,0.0665,0.001816183,0.001933477,8.71E-05,8.31E-05,0.000128821,0.001837397,0.000154128,0.000302083,0.0004,0.000164698,0.000188696,Medium,High Zn can contribute to segregation but strengthens alloy.
0.866595276,0.03,0.029,0.002272014,0.0647,0.00103749,0.001793191,5.94E-05,8.27E-05,0.000154675,0.002481888,0.000606067,0.000486851,0.0006,7.20E-05,5.84E-05,Low,"High Zn can contribute to segregation but strengthens alloy. Mg helps refine grains, reducing cracking tendency. Cr enhances grain boundary strength and reduces cracking."
0.900770171,0.0105,0.0275,0.001440208,0.0505,0.001846903,0.001714274,0.000118841,0.000181111,0.00018504,0.002938092,0.000961863,0.000267104,0.0008,0.000153548,0.000122845,Low,"Mg helps refine grains, reducing cracking tendency. Cr enhances grain boundary strength and reduces cracking."
0.891944657,0.0246,0.0224,0.001911741,0.0516,0.000941441,0.001482863,0.00015991,8.75E-05,0.000168829,0.003473019,0.000257773,0.000493644,0.0001,0.000191754,0.00018692,Medium,Balanced composition with moderate crack susceptibility.
0.887986636,0.0281,0.0187,0.002708431,0.0549,0.001938933,0.001326286,0.00014101,8.95E-05,0.000151454,0.002475655,0.000721004,0.000367168,0.0001,0.000152381,0.000141554,Medium,Balanced composition with moderate crack susceptibility.
0.886476144,0.0104,0.025,0.004272059,0.068,0.000451792,0.00063048,0.000150931,5.01E-05,0.000151945,0.002850139,0.00028084,0.000353869,0.0007,9.97E-05,0.000131961,Medium,High Zn can contribute to segregation but strengthens alloy. Cr enhances grain boundary strength and reduces cracking.
0.875090745,0.0222,0.0202,0.004442922,0.0694,0.001467933,0.00111268,6.22E-05,0.0001806,0.000191889,0.003989884,0.000582245,0.000166382,0.0007,0.000125087,8.75E-05,Medium,High Zn can contribute to segregation but strengthens alloy. Cr enhances grain boundary strength and reduces cracking.
0.900682826,0.0192,0.0223,0.001027809,0.0516,0.001139484,0.001059033,0.000192724,0.000168889,9.44E-05,0.001146733,0.000187009,0.000452771,0.0005,0.000146859,0.000101491,Medium,Balanced composition with moderate crack susceptibility.
0.892547867,0.014,0.0189,0.003042989,0.0657,0.000959003,0.000889631,0.000175774,0.000144099,5.02E-05,0.002009748,0.000505334,0.000270996,0.0005,0.000126586,0.000177807,Medium,High Zn can contribute to segregation but strengthens alloy.
0.889244805,0.0193,0.0286,0.002669644,0.0513,0.00137561,0.00158513,0.000170764,0.00016254,9.08E-05,0.003853398,0.000780547,0.000164893,0.0005,6.80E-05,0.000133883,Medium,"Mg helps refine grains, reducing cracking tendency."
0.879119554,0.026,0.0209,0.001888431,0.0627,0.001496557,0.001243814,0.000173448,7.28E-05,8.27E-05,0.004580827,0.000412814,0.000105043,0.001,9.68E-05,0.000127211,Medium,High Zn can contribute to segregation but strengthens alloy. Cr enhances grain boundary strength and reduces cracking.
0.883829292,0.0231,0.0173,0.001479461,0.0679,0.000307418,0.000621569,0.000189907,0.000118749,0.000149275,0.00304671,0.000698421,0.000323902,0.0007,0.000170359,6.49E-05,Medium,High Zn can contribute to segregation but strengthens alloy. Cr enhances grain boundary strength and reduces cracking.
0.903969131,0.0132,0.0152,0.002350461,0.0585,0.00058382,0.000830275,0.000131638,0.000102683,0.000145057,0.003128454,0.000815905,0.00031096,0.0005,0.000179213,5.24E-05,Medium,Balanced composition with moderate crack susceptibility.
0.882592129,0.0192,0.0204,0.004771639,0.0664,0.001512178,0.001524888,8.00E-05,6.41E-05,0.000139019,0.001428688,0.00093446,0.000387741,0.0003,7.06E-05,0.000194553,Medium,High Zn can contribute to segregation but strengthens alloy.
0.883585927,0.017,0.0276,0.002292812,0.0624,0.001432855,0.000614196,0.000142518,0.00012292,5.24E-05,0.002789649,0.000311178,0.000456103,0.0009,0.000192858,0.000106548,Low,"High Zn can contribute to segregation but strengthens alloy. Mg helps refine grains, reducing cracking tendency. Cr enhances grain boundary strength and reduces cracking."
0.878535465,0.0239,0.0227,0.003075162,0.0629,0.001942281,0.00177681,0.000161432,0.000188111,0.000159317,0.003130469,0.000459384,0.000131763,0.0007,9.93E-05,0.000140482,Medium,High Zn can contribute to segregation but strengthens alloy. Cr enhances grain boundary strength and reduces cracking.
0.894225255,0.0122,0.0217,0.003812076,0.0612,0.001593764,0.00124272,0.000160688,5.60E-05,9.85E-05,0.001969882,0.000237174,0.000392599,0.0009,0.000149347,6.20E-05,Medium,High Zn can contribute to segregation but strengthens alloy. Cr enhances grain boundary strength and reduces cracking.
0.869576179,0.0251,0.0271,0.002454518,0.0682,0.001916314,0.00122088,0.000128217,9.37E-05,0.000149758,0.002076973,0.000993235,0.000174965,0.0005,0.000162774,0.000152467,Medium,"High Zn can contribute to segregation but strengthens alloy. Mg helps refine grains, reducing cracking tendency."
0.888106669,0.016,0.024,0.004887128,0.0594,0.001494319,0.001388612,6.03E-05,8.11E-05,0.000133487,0.002509137,0.000934301,0.000443271,0.0002,0.000171792,0.000189885,Medium,Balanced composition with moderate crack susceptibility.
0.886791618,0.0217,0.0299,0.004849789,0.0507,0.000806689,0.001737021,0.000105667,8.57E-05,0.00010141,0.001080285,0.000585961,0.000427625,0.0008,0.000191862,0.00013635,Low,"Mg helps refine grains, reducing cracking tendency. Cr enhances grain boundary strength and reduces cracking."
0.895519151,0.0163,0.0215,0.002007129,0.0586,0.00047912,0.001021714,0.000188115,0.000186265,7.02E-05,0.002288317,0.00085783,0.000316318,0.0005,9.69E-05,6.89E-05,Medium,Balanced composition with moderate crack susceptibility.
0.874128055,0.029,0.024,0.002988994,0.063,0.001629101,0.001517024,0.000137667,0.00012021,6.42E-05,0.001845792,0.000568862,0.000384097,0.0003,0.000178776,0.000137258,Medium,High Zn can contribute to segregation but strengthens alloy.
0.895295751,0.0222,0.0192,0.002203513,0.0539,0.001395054,0.001348598,0.00013075,0.000119945,0.000174728,0.002309989,0.000661227,0.00022574,0.0006,6.98E-05,0.000164952,Medium,Cr enhances grain boundary strength and reduces cracking.
0.899621559,0.0117,0.0243,0.002139362,0.0579,0.000381916,0.000900542,9.03E-05,0.000164086,0.00018776,0.001479049,0.000180212,0.000288467,0.0004,0.000155756,0.000110962,Medium,Balanced composition with moderate crack susceptibility.
0.882882732,0.0222,0.0196,0.001147548,0.0643,0.000912086,0.001817945,0.000105267,7.32E-05,0.000147468,0.004562109,0.000779743,0.000428655,0.0007,0.000161297,0.000181976,Medium,High Zn can contribute to segregation but strengthens alloy. Cr enhances grain boundary strength and reduces cracking.
0.897294158,0.0124,0.0213,0.003438257,0.0574,0.00192656,0.001696139,0.000184302,0.00012309,6.55E-05,0.00337437,0.000214942,0.000283706,0,0.000151658,0.000147302,Medium,Balanced composition with moderate crack susceptibility.
0.880100429,0.0245,0.0168,0.003010716,0.0675,0.001150682,0.001487678,0.000149969,0.000114498,0.000110304,0.003716409,0.000843461,0.000243119,0,8.78E-05,0.000184887,Medium,High Zn can contribute to segregation but strengthens alloy.
0.87373291,0.023,0.0277,0.001205915,0.0646,0.00103564,0.001775873,0.000168108,0.000139537,0.000159341,0.004156685,0.000803825,0.000297685,0.0009,0.000180956,0.000143526,Low,"High Zn can contribute to segregation but strengthens alloy. Mg helps refine grains, reducing cracking tendency. Cr enhances grain boundary strength and reduces cracking."
0.887213364,0.0174,0.024,0.002114586,0.0616,0.001078089,0.001800941,0.000118152,0.000199934,0.000166973,0.002993769,0.00073787,0.0004313,0,7.53E-05,6.97E-05,Medium,High Zn can contribute to segregation but strengthens alloy.
0.901602796,0.0182,0.0197,0.004633064,0.0514,0.000655101,0.001562544,0.000144537,0.000165417,6.77E-05,0.001347681,0.000132544,0.000234083,0,5.80E-05,9.65E-05,Medium,Balanced composition with moderate crack susceptibility.
0.908083853,0.0106,0.0208,0.001958248,0.0508,0.000926802,0.00175552,8.73E-05,0.00010968,5.00E-05,0.003148426,0.000372816,0.000169505,0.0009,0.00015762,8.03E-05,Medium,Cr enhances grain boundary strength and reduces cracking.
0.884982141,0.0292,0.0208,0.001579579,0.0558,0.000928683,0.001546207,0.000155819,0.000174133,0.000156821,0.003347364,0.000336801,0.000384806,0.0003,0.000121321,0.000186324,Medium,Balanced composition with moderate crack susceptibility.
0.887062042,0.0154,0.0295,0.002957811,0.0568,0.000389004,0.001520211,0.00011414,7.56E-05,0.000103489,0.003981758,0.000424123,0.000430391,0.0009,0.000177365,0.00016406,Low,"Mg helps refine grains, reducing cracking tendency. Cr enhances grain boundary strength and reduces cracking."
0.900160752,0.0179,0.0156,0.004942602,0.054,0.001604865,0.001427917,0.000116382,5.46E-05,8.82E-05,0.002726638,0.000178878,0.000140255,0.0008,0.00010751,0.00015146,Medium,Cr enhances grain boundary strength and reduces cracking.
0.878294727,0.0289,0.0172,0.001968221,0.0675,0.001008058,0.001629075,0.000147398,8.07E-05,5.19E-05,0.001510321,0.000943262,0.00019595,0.0004,7.52E-05,9.51E-05,Medium,High Zn can contribute to segregation but strengthens alloy.
